r可求得留数（分子），p可求得极点（分母），k常数项
>> num=[2 1 6 10 24];
den=[1 10 35 50 24];
[r p k]=residue(num,den)

r =

 -88.000000000004036
  91.500000000002487
 -25.999999999998479
   3.500000000000042


p =

  -3.999999999999982
  -3.000000000000039
  -1.999999999999981
  -1.000000000000002


k =

     2
	 
如果p有值是相同的，说明有重根