A=[1 2 3; 2 5 6]

A =

     1     2     3
     2     5     6

>> size(A)

ans =

     2     3

>> length(A)

ans =

     3